000168090;;0000 0072 0000 0012 000F 000B 0006 000A 0006 0017 0006 000A 0006 0010 0006 0017 0006 0017 0006 000A 0006 000A 0006 0010 0006 0017 0006 0011 0006 0017 0006 000A 0006 000A 0006 001D 0006 000A 0006 1D52 
000168054;;0000 0072 0000 0024 000F 000B 0006 000A 0006 0017 0006 000A 0006 0010 0006 0017 0006 0017 0006 000A 0006 000A 0006 000D 0006 0017 0006 0010 0006 0017 0006 0010 0006 0010 0006 001D 0006 000A 0006 0E66 000F 000B 0006 000A 0006 0017 0006 000A 0006 0010 0006 0017 0006 0017 0006 000A 0006 000A 0006 000D 0006 0017 0006 0010 0006 0017 0006 0010 0006 0010 0006 001D 0006 000A 0006 0CD6 
000168061;;0000 0070 0000 0024 000F 000B 0006 000B 0006 0017 0006 000B 0006 0011 0006 0017 0006 0017 0006 000B 0006 000B 0006 000E 0006 0017 0006 0011 0006 0017 0006 000A 0006 000A 0006 001D 0006 001D 0006 1652 000F 000B 0006 000B 0006 0017 0006 000B 0006 0011 0006 0017 0006 0017 0006 000A 0006 000A 0006 000E 0006 0017 0006 0011 0006 0017 0006 000A 0006 000B 0006 001D 0006 001D 0006 16D3 
000168093;;0000 006F 0000 0024 000F 000B 0006 000B 0006 0017 0006 000B 0006 0011 0006 0017 0006 0017 0006 000B 0006 000B 0006 000E 0006 0017 0006 0011 0006 0017 0006 0011 0006 001E 0006 000B 0006 000B 0006 0FB3 000F 000B 0006 000B 0006 0017 0006 000B 0006 0011 0006 0017 0006 0017 0006 000B 0006 000B 0006 000E 0006 0017 0006 0011 0006 0017 0006 0011 0006 001E 0006 000B 0006 000B 0006 0E29 
000168055;;0000 0070 0000 0024 000F 000B 0006 000A 0006 0017 0006 000A 0006 0011 0006 0017 0006 0017 0006 000A 0006 000A 0006 000A 0006 0017 0006 0011 0006 0017 0006 001D 0006 000A 0006 001D 0006 000A 0006 0D22 000F 000B 0006 000A 0006 0017 0006 000A 0006 0011 0006 0017 0006 0017 0006 000A 0006 000A 0006 0011 0006 0017 0006 0011 0006 0017 0006 001D 0006 000A 0006 001D 0006 000A 0006 12F0 
000168056;;0000 0073 0000 0024 000F 000B 0006 000A 0006 0017 0006 000A 0006 0010 0006 0017 0006 0017 0006 000A 0006 000A 0006 000A 0006 0017 0006 0010 0006 0017 0006 001D 0006 0010 0006 0010 0006 0010 0006 0CC0 000F 000B 0006 000A 0006 0017 0006 000A 0006 0010 0006 0016 0006 0017 0006 000A 0006 000A 0006 0010 0006 0017 0006 0010 0006 0016 0006 001D 0006 0010 0006 0010 0006 0010 0006 0F82 
000168058;;0000 0073 0000 0024 000F 000A 0006 000A 0006 0016 0006 000A 0006 0010 0006 0016 0006 0016 0006 000A 0006 000A 0006 000A 0006 0016 0006 0010 0006 0016 0006 001D 0006 001C 0006 001D 0006 0010 0006 0CA8 000F 000A 0006 000A 0006 0016 0006 000A 0006 0010 0006 0016 0006 0016 0006 000A 0006 000A 0006 0010 0006 0016 0006 0010 0006 0016 0006 001D 0006 001C 0006 001C 0006 0010 0006 0F50 
000168094;;0000 0073 0000 0024 000F 000A 0006 000A 0006 0016 0006 000A 0006 0010 0006 0016 0006 0016 0006 000A 0006 000A 0006 000D 0006 0016 0006 0010 0006 0016 0006 0010 0006 0016 0006 001D 0006 0016 0006 0FAA 000F 000B 0006 000A 0006 0016 0006 000A 0006 0010 0006 0016 0006 0016 0006 000A 0006 000A 0006 000D 0006 0016 0006 0010 0006 0016 0006 0010 0006 0016 0006 001D 0006 0016 0006 0CEC 
000168062;;0000 0073 0000 0024 000F 000B 0006 000A 0006 0017 0006 000A 0006 0010 0006 0017 0006 0017 0006 000A 0006 000A 0006 000A 0006 0017 0006 0010 0006 0017 0006 001D 0006 001D 0006 0010 0006 000A 0006 0CBB 000F 000B 0006 000A 0006 0017 0006 000A 0006 0010 0006 0017 0006 0017 0006 000A 0006 000A 0006 0010 0006 0017 0006 0010 0006 0017 0006 001D 0006 001D 0006 0010 0006 000A 0006 0DEB 
000168095;;0000 006D 0000 000A 000B 0029 0006 0011 0006 001B 0006 000E 0006 20D3 0008 0037 0006 0015 0006 001D 0006 0010 0006 286E 
000168096;;0000 0070 0000 0024 000F 000B 0006 000B 0006 0017 0006 000B 0006 0011 0006 0017 0006 0017 0006 000B 0006 000B 0006 000E 0006 0017 0006 0011 0006 0017 0006 0011 0006 0017 0006 001D 0006 001D 0006 0FC2 000F 000B 0006 000B 0006 0017 0006 000B 0006 0011 0006 0017 0006 0017 0006 000B 0006 000B 0006 000E 0006 0017 0006 0011 0006 0017 0006 0011 0006 0017 0006 001D 0006 001D 0006 1371 
000168043;;0000 0072 0000 0024 000F 000B 0006 000A 0006 0017 0006 000A 0006 0010 0006 0017 0006 0017 0006 000A 0006 000A 0006 000D 0006 0017 0006 0010 0006 0017 0006 000A 0006 000A 0006 000A 0006 000A 0006 18AD 000F 000B 0006 000A 0006 0017 0006 000A 0006 0010 0006 0017 0006 0017 0006 000A 0006 000A 0006 000D 0006 0017 0006 0010 0006 0017 0006 000A 0006 000A 0006 000A 0006 000A 0006 1A75 
000168044;;0000 0070 0000 0024 000F 000B 0006 000B 0006 0017 0006 000B 0006 0011 0006 0017 0006 0017 0006 000B 0006 000B 0006 000B 0006 0017 0006 0011 0006 0017 0006 000B 0006 000B 0006 000B 0006 0011 0006 0D22 000F 000B 0006 000B 0006 0017 0006 000B 0006 0011 0006 0017 0006 0017 0006 000B 0006 000B 0006 000B 0006 0017 0006 0011 0006 0017 0006 000B 0006 000B 0006 000B 0006 0011 0006 0CFA 
000168045;;0000 0070 0000 0024 000F 000B 0006 000B 0006 0017 0006 000B 0006 0011 0006 0017 0006 0017 0006 000B 0006 000B 0006 000B 0006 0017 0006 0011 0006 0017 0006 000B 0006 000B 0006 000B 0006 0017 0006 0D1C 000F 000B 0006 000B 0006 0017 0006 000B 0006 0011 0006 0017 0006 0017 0006 000B 0006 000B 0006 000B 0006 0017 0006 0011 0006 0017 0006 000B 0006 000B 0006 000B 0006 0017 0006 0CF2 
000168046;;0000 0070 0000 0024 000F 000B 0006 000A 0006 0017 0006 000A 0006 0011 0006 0017 0006 0017 0006 000A 0006 000A 0006 000A 0006 0017 0006 0011 0006 0017 0006 000A 0006 000A 0006 000A 0006 001D 0006 0D16 000F 000B 0006 000A 0006 0017 0006 000A 0006 0011 0006 0017 0006 0017 0006 000B 0006 000A 0006 000A 0006 0017 0006 0011 0006 0017 0006 000A 0006 000A 0006 000A 0006 001D 0006 0CE6 
000168047;;0000 0073 0000 0024 000F 000A 0006 000A 0006 0016 0006 000A 0006 0010 0006 0016 0006 0016 0006 000A 0006 000A 0006 000A 0006 0016 0006 0010 0006 0016 0006 000A 0006 000A 0006 0010 0006 000A 0006 0CC0 000F 000A 0006 000A 0006 0016 0006 000A 0006 0010 0006 0016 0006 0016 0006 000A 0006 000A 0006 000A 0006 0016 0006 0010 0006 0016 0006 000A 0006 000A 0006 0010 0006 000A 0006 0CA2 
000168048;;0000 0070 0000 0024 000F 000B 0006 000A 0006 0017 0006 000A 0006 0011 0006 0017 0006 0017 0006 000A 0006 000A 0006 000A 0006 0017 0006 0011 0006 0017 0006 000A 0006 000A 0006 0011 0006 0011 0006 0D1C 000F 000B 0006 000A 0006 0017 0006 000A 0006 0011 0006 0017 0006 0017 0006 000B 0006 000A 0006 000A 0006 0017 0006 0011 0006 0017 0006 000A 0006 000A 0006 0011 0006 0011 0006 0CEC 
000168049;;0000 0070 0000 0024 000F 000B 0006 000B 0006 0017 0006 000B 0006 0011 0006 0017 0006 0017 0006 000B 0006 000B 0006 000B 0006 0017 0006 0011 0006 0017 0006 000B 0006 000B 0006 0011 0006 0017 0006 0D16 000F 000B 0006 000B 0006 0017 0006 000B 0006 0011 0006 0017 0006 0017 0006 000B 0006 000B 0006 000B 0006 0017 0006 0011 0006 0017 0006 000B 0006 000B 0006 0011 0006 0017 0006 0CF1 
000168050;;0000 0070 0000 0024 000F 000B 0006 000B 0006 0017 0006 000B 0006 0011 0006 0017 0006 0017 0006 000B 0006 000B 0006 000B 0006 0017 0006 0011 0006 0017 0006 000B 0006 000B 0006 0011 0006 001D 0006 0D0F 000F 000B 0006 000B 0006 0017 0006 000B 0006 0011 0006 0017 0006 0017 0006 000B 0006 000B 0006 000B 0006 0017 0006 0011 0006 0017 0006 000B 0006 000B 0006 0011 0006 001D 0006 0CE7 
000168051;;0000 0070 0000 0024 000F 000B 0006 000A 0006 0017 0006 000B 0006 0011 0006 0017 0006 0017 0006 000A 0006 000A 0006 000B 0006 0017 0006 0011 0006 0017 0006 000A 0006 000A 0006 0017 0006 000B 0006 0D1C 000F 000B 0006 000A 0006 0017 0006 000A 0006 0011 0006 0017 0006 0017 0006 000A 0006 000A 0006 000A 0006 0017 0006 0011 0006 0017 0006 000A 0006 000A 0006 0017 0006 000A 0006 0CEC 
000168052;;0000 0073 0000 0024 000F 000A 0006 000A 0006 0016 0006 000A 0006 0010 0006 0016 0006 0016 0006 000A 0006 000A 0006 000A 0006 0016 0006 0010 0006 0016 0006 000A 0006 000A 0006 0016 0006 0010 0006 0CB5 000F 000A 0006 000A 0006 0016 0006 000A 0006 0010 0006 0016 0006 0016 0006 000A 0006 000A 0006 000A 0006 0016 0006 0010 0006 0016 0006 000A 0006 000A 0006 0016 0006 0010 0006 0C97 
000168053;;0000 0070 0000 0024 000F 000B 0006 000B 0006 0017 0006 000B 0006 0011 0006 0017 0006 0017 0006 000B 0006 000B 0006 0014 0006 0017 0006 0011 0006 0017 0006 0017 0006 000B 0006 000B 0006 001E 0006 081E 000F 000B 0006 000B 0006 0017 0006 000B 0006 0011 0006 0017 0006 0017 0006 000B 0006 000B 0006 0014 0006 0017 0006 0011 0006 0017 0006 0017 0006 000B 0006 000B 0006 001E 0006 066C 
000168060;;0000 0073 0000 0024 000F 000B 0006 000A 0006 0017 0006 000A 0006 0010 0006 0017 0006 0017 0006 000A 0006 000A 0006 000D 0006 0016 0006 0010 0006 0016 0006 0017 0006 000A 0006 000A 0006 0010 0006 0EAA 000F 000B 0006 000A 0006 0016 0006 000A 0006 0010 0006 0016 0006 0016 0006 000A 0006 000A 0006 000D 0006 0016 0006 0010 0006 0017 0006 0016 0006 000A 0006 000A 0006 0010 0006 0BF1 
000168082;;0000 0070 0000 0012 000F 000B 0006 000B 0006 0017 0006 000B 0006 0011 0006 0017 0006 0017 0006 000B 0006 000B 0006 0010 0006 0017 0006 0011 0006 0017 0006 0011 0006 0011 0006 0011 0006 000B 0006 174E 
000168083;;0000 006F 0000 0012 000F 000B 0006 000B 0006 0017 0006 000B 0006 0011 0006 0017 0006 0017 0006 000B 0006 000B 0006 0012 0006 0017 0006 0011 0006 0017 0006 0011 0006 0011 0006 0017 0006 0011 0006 1A9D 
000168084;;0000 0072 0000 0012 000F 000B 0006 000A 0006 0017 0006 000A 0006 0010 0006 0017 0006 0017 0006 000A 0006 000A 0006 0010 0006 0017 0006 0010 0006 0017 0006 0010 0006 0010 0006 0017 0006 0017 0006 1A96 
000168085;;0000 0070 0000 0024 000F 000B 0006 000B 0006 0017 0006 000B 0006 0011 0006 0017 0006 0017 0006 000B 0006 000B 0006 000E 0006 0017 0006 0011 0006 0017 0006 0011 0006 0011 0006 0017 0006 001D 0006 0FC2 000F 000B 0006 000B 0006 0017 0006 000B 0006 0011 0006 0017 0006 0017 0006 000B 0006 000B 0006 000E 0006 0017 0006 0011 0006 0017 0006 0011 0006 0011 0006 0017 0006 001E 0006 0C1F 
000168086;;0000 0070 0000 0024 000F 000B 0006 000B 0006 0017 0006 000B 0006 0011 0006 0017 0006 0017 0006 000B 0006 000B 0006 000E 0006 0017 0006 0011 0006 0017 0006 0011 0006 0011 0006 0017 0006 000B 0006 0DCA 000F 000B 0006 000B 0006 0017 0006 000B 0006 0011 0006 0017 0006 0017 0006 000B 0006 000B 0006 000E 0006 0017 0006 0011 0006 0017 0006 0011 0006 0011 0006 0017 0006 000B 0006 0A01 
000168070;;0000 006F 0000 0024 000F 000B 0006 000B 0006 0017 0006 000B 0006 0011 0006 0017 0006 0017 0006 000B 0006 000B 0006 0011 0006 0017 0006 0011 0006 0017 0006 000B 0006 001E 0006 000B 0006 000B 0006 077A 000F 000B 0006 000B 0006 0017 0006 000B 0006 0011 0006 0017 0006 0017 0006 000B 0006 000B 0006 0014 0006 0017 0006 0011 0006 0017 0006 000B 0006 001E 0006 000B 0006 000B 0006 0947 
000168071;;0000 0070 0000 0024 000F 000B 0006 000B 0006 0017 0006 000B 0006 0011 0006 0017 0006 0017 0006 000B 0006 000B 0006 000E 0006 0017 0006 0011 0006 0017 0006 000B 0006 0017 0006 001D 0006 000B 0006 12DF 000F 000B 0006 000B 0006 0017 0006 000B 0006 0011 0006 0017 0006 0017 0006 000B 0006 000B 0006 000E 0006 0017 0006 0011 0006 0017 0006 000B 0006 0017 0006 001D 0006 000B 0006 140D 
000168072;;0000 0070 0000 0012 000F 000B 0006 000A 0006 0017 0006 000A 0006 0011 0006 0017 0006 0017 0006 000A 0006 000A 0006 0010 0006 0017 0006 0011 0006 0017 0006 000A 0006 001D 0006 0011 0006 001D 0006 1F83 
000168075;;0000 0075 0000 0024 000F 000A 0006 000A 0006 0016 0006 000A 0006 0010 0006 0016 0006 0016 0006 000A 0006 000A 0006 000D 0006 0016 0006 0010 0006 0016 0006 000A 0006 0016 0006 0016 0006 0010 0006 1255 000F 000A 0006 000A 0006 0016 0006 000A 0006 0010 0006 0016 0006 0016 0006 000A 0006 000A 0006 000D 0006 0016 0006 0010 0006 0016 0006 000A 0006 0016 0006 0016 0006 0010 0006 138D 
000168076;;0000 0070 0000 0012 000F 000B 0006 000A 0006 0017 0006 000A 0006 0011 0006 0017 0006 0017 0006 000A 0006 000A 0006 0010 0006 0017 0006 0011 0006 0017 0006 000A 0006 0017 0006 0017 0006 000A 0006 1C32 
000168079;;0000 0073 0000 0024 000F 000A 0006 000A 0006 0016 0006 000A 0006 0010 0006 0016 0006 0016 0006 000A 0006 000A 0006 000D 0006 0016 0006 0010 0006 0016 0006 000A 0006 001C 0006 000A 0006 0010 0006 1192 000F 000A 0006 000A 0006 0016 0006 000A 0006 0010 0006 0016 0006 0016 0006 000A 0006 000A 0006 000D 0006 0016 0006 0010 0006 0016 0006 000A 0006 001C 0006 000A 0006 0010 0006 0FC5 
000168087;;0000 0071 0000 0024 000F 000B 0006 000A 0006 0017 0006 000A 0006 0011 0006 0017 0006 0017 0006 000A 0006 000A 0006 000A 0006 0017 0006 0011 0006 0017 0006 000A 0006 000A 0006 001D 0006 0011 0006 0CDE 000F 000B 0006 000A 0006 0017 0006 000A 0006 0011 0006 0017 0006 0017 0006 000A 0006 000A 0006 000A 0006 0017 0006 0011 0006 0017 0006 000A 0006 000A 0006 001D 0006 0011 0006 0CCC 
000168088;;0000 0070 0000 0024 000F 000B 0006 000A 0006 0017 0006 000A 0006 0011 0006 0017 0006 0017 0006 000A 0006 000A 0006 000A 0006 0017 0006 0011 0006 0017 0006 000A 0006 0011 0006 000A 0006 0011 0006 0D1C 000F 000B 0006 000B 0006 0017 0006 000B 0006 0011 0006 0017 0006 0017 0006 000B 0006 000B 0006 000B 0006 0017 0006 0011 0006 0017 0006 000B 0006 0011 0006 000B 0006 0011 0006 0CF4 
000168089;;0000 0070 0000 0024 000F 000B 0006 000A 0006 0017 0006 000A 0006 0011 0006 0017 0006 0017 0006 000A 0006 000A 0006 000A 0006 0017 0006 0011 0006 0017 0006 000A 0006 0011 0006 000A 0006 000A 0006 0D22 000F 000B 0006 000A 0006 0017 0006 000A 0006 0011 0006 0017 0006 0017 0006 000A 0006 000A 0006 000A 0006 0017 0006 0011 0006 0017 0006 000A 0006 0011 0006 000A 0006 000A 0006 0CF2 
000168091;;0000 0070 0000 0024 000F 000B 0006 000B 0006 0017 0006 000B 0006 0011 0006 0017 0006 0017 0006 000B 0006 000B 0006 000E 0006 0017 0006 0011 0006 0017 0006 000B 0006 0017 0006 000B 0006 0011 0006 0D4C 000F 000B 0006 000B 0006 0017 0006 000B 0006 0011 0006 0017 0006 0017 0006 000B 0006 000B 0006 000E 0006 0017 0006 0011 0006 0017 0006 000B 0006 0017 0006 000B 0006 0011 0006 0C86 
000168092;;0000 006F 0000 0024 000F 000B 0006 000B 0006 0017 0006 000B 0006 0011 0006 0017 0006 0017 0006 000B 0006 000B 0006 000E 0006 0017 0006 0011 0006 0017 0006 000B 0006 0017 0006 000B 0006 000B 0006 1409 000D 000E 0006 000E 0006 0014 0006 000B 0006 000F 0006 0017 0006 0016 0006 000E 0006 000B 0006 0014 0006 0014 0006 000F 0006 0017 0006 000B 0006 0017 0006 000B 0006 000C 0006 135A 